n = 10 
T = 24
Init = [ 1 1 1 1 0 1 0 0 0 1 ]
L = [ 8 8 2 2 2 7 8 9 9 9 ]
l = [ 8 8 2 2 2 7 8 9 9 9 ]
Pmin = [ 80 80 17 17 19 80 93 96 96 100 ]
Pmax = [ 80 80 17 17 19 80 93 96 96 100 ]
cf = [ 47.7089 47.7089 60.7406 60.7406 8.40091 25.2759 15.204 36.031 36.031 39.8466 ]
c0 = [ 203 203 72 72 71 205 247 250 250 250 ]
cp = [ 19.9844 19.9844 40.5857 40.5857 40.78 27.4656 26.8549 11.1896 11.1896 11.6164 ]
D = [ 127 179 204 238 293 311 348 398 436 460 498 537 577 526 477 432 386 342 397 454 502 423 313 224 ]
